406
407
420
479
483
599
605
666
681
689
692
760
761
779
797
798
801
802
804
808
809
811
812
813
816
819
838
844
866
877
888
892
903
910
922
940
946
957
966
973
974
975
976
979
980
981
982
983
984
985
986
987
988
989
990
991
992
993
994
995
996
997
998
999
1000
1001
1002
1003
1004
1005
1006
1007
1008
1009
1010
1011
1012
1013
1014
1015
1016
1017
1018
1019
1020
1021
1022
1023
1024
1025
1026
1027
1028
1029
1030
1031
1032
1033
1034
1035
1036
1037
1038
1039
1040
1041
1042
1043
1044
1045
1046
1047
1048
1049